8
r
n
0
RHbQKBH-
--------
------p-
P--P---h
---p---p
h---P---
--------
r--kq--r
37
6  4  4  4  -
1  1  3  1  -
6  7  4  7  -
1  3  2  3  -
6  2  5  2  -
1  5  3  5  -
6  5  4  5  -
3  5  4  4  p
6  6  4  6  -
1  7  3  7  -
6  1  4  1  -
1  0  2  0  -
4  6  3  7  P
1  6  3  6  -
4  5  3  6  P
4  4  5  4  -
3  6  2  6  -
2  3  3  3  -
7  6  6  4  -
1  4  3  4  -
6  3  4  3  -
3  4  4  3  p
7  5  5  7  -
1  2  3  2  -
5  2  4  3  P
3  2  4  1  p
6  0  5  0  -
4  1  5  0  p
7  2  5  0  P
3  1  4  1  -
5  7  0  2  B
4  1  5  0  b
7  1  5  0  P
2  0  3  0  -
6  4  4  5  -
0  7  3  7  p
4  5  3  7  R
